300
301
302
303
304
305
306
307
308
309
310
311
312
313
314
315
316
317
318
319
320
321
322
323
324
325
326
327
328
329
330
331
332
333
334
335
336
337
338
339
340
341
343
344
345
346
347
348
349
350
351
352
353
354
355
356
357
358
359
360
361
362
363
364
365
366
367
368
369
370
371
372
373
374
375
376
377
378
379
380
381
382
383
384
385
386
387
388
389
390
391
392
393
395
396
397
399
400
401
402
403
404
405
406
407
408
409
410
411
412
413
414
415
416
417
418
419
420
421
422
423
424
425
426
427
428
429
430
431
432
433
434
435
436
437
438
439
440
441
442
443
444
445
446
447
448
449
450
451
452
453
454
455
456
457
458
459
461
462
463
464
465
466
467
468
469
470
471
472
473
474
475
476
477
478
479
480
481
482
483
484
485
486
487
488
489
490
491
492
600
601
602
603
604
605
606
607
608
609
612
615
617
618
619
620
622
623
624
625
626
627
628
629
631
632
633
634
635
636
637
638
640
641
649
650
651
652
653
654
655
656
657
658
659
660
661
662
663
664
666
667
669
670
673
676
677
679
680
682
683
684
687
688
689
691
692
693
695
696
697
698
699
702
703
705
707
708
709
710
712
713
715
716
717
718
